colors <- c("None" = "#ff0f54", "Ftrace" = "#5f2054", "Lttng" = "#1f1f54", "Lttng_After" = "#111f54", "Perf"="#003f50", "SystemTap"="#0f5054")